0.988423
0.010851
0.841658
0.483165
0.326187
0.468916
0.326458
0.692916
0.965970
0.520168
0.583082
0.394183
0.949116
0.848222
0.935326
0.553690
0.772610
0.502582
0.940877
0.109067
0.254768
0.815715
0.251017
0.025924
0.978415
0.874775
0.736025
0.846437
0.640352
0.698033
0.659455
0.047843
0.195592
0.515280
0.855941
0.378382
0.196394
0.713830
0.248061
0.047616
0.392383
0.852323
0.967712
0.375797
0.810112
0.540326
0.759532
0.837283
0.236496
0.368897
0.533984
0.524736
0.529840
0.580920
0.448229
0.400911
0.198667
0.782812
0.482187
0.201598
0.534553
0.179268
0.866815
0.462150
0.260014
0.708615
0.132776
0.546689
0.514722
0.603336
0.548973
0.344497
0.465700
0.503977
0.727382
0.654608
0.292961
0.468714
0.098347
0.907423
0.867470
0.622443
0.077351
0.488136
0.622129
0.525856
0.945463
0.685288
0.144855
0.708442
0.662267
0.602760
0.136791
0.077680
0.058768
0.592129
0.967191
0.316393
0.597822
0.810506
